1.023531021899026262e-02 4.919213576398210599e-04
1.047615752789664637e-02 5.200880965076662638e-04
1.072267222010323158e-02 5.524703572841248127e-04
1.097498765493056146e-02 5.852853902547154293e-04
1.123324032978027798e-02 6.196781246774877606e-04
1.149756995397735806e-02 6.573582993389005943e-04
1.176811952434998580e-02 7.031635929639107503e-04
1.204503540258782326e-02 7.433023331151790425e-04
1.232846739442065853e-02 7.912449958714466974e-04
1.261856883066020396e-02 8.353039178041548555e-04
1.291549665014883955e-02 8.829822478940113455e-04
1.321941148466028622e-02 9.420479372020393923e-04
1.353047774579806822e-02 9.983377154667134011e-04
1.384886371393873050e-02 1.057321561393695158e-03
1.417474162926805545e-02 1.118145267641927360e-03
1.450828778495939428e-02 1.191001232377514492e-03
1.484968262254464898e-02 1.261725133187136232e-03
1.519911082952933937e-02 1.340202599286460707e-03
1.555676143930472335e-02 1.417940354836218046e-03
1.592282793341092198e-02 1.509084267179617135e-03
1.629750834620644420e-02 1.600086255724062281e-03
1.668100537200058880e-02 1.693547903089294643e-03
1.707352647470690432e-02 1.805579697375737317e-03
1.747528400007683849e-02 1.915543126523292731e-03
1.788649529057434809e-02 2.016882254058470231e-03
1.830738280295367629e-02 2.129346553666940263e-03
1.873817422860384052e-02 2.265709462165357933e-03
1.917910261672488639e-02 2.410883642685918322e-03
1.963040650040270493e-02 2.554192920032991466e-03
2.009233002565046639e-02 2.708125838398635701e-03
2.056512308348651397e-02 2.863316257716957015e-03
2.104904144512020903e-02 3.043654867456173536e-03
2.154434690031884272e-02 3.221436469884700858e-03
2.205130739903045367e-02 3.436686526822620678e-03
2.257019719633920549e-02 3.626128336143189836e-03
2.310129700083160542e-02 3.849397565157712357e-03
2.364489412645407254e-02 4.041384042836009341e-03
2.420128264794382117e-02 4.319847584238381555e-03
2.477076355991711387e-02 4.563989709102708910e-03
2.535364493970111363e-02 4.814568850641852069e-03
2.595024211399735853e-02 5.115317170492412156e-03
2.656087782946686682e-02 5.387790867028748217e-03
2.718588242732939905e-02 5.740996910184714003e-03
2.782559402207124277e-02 6.100004197382267665e-03
2.848035868435801893e-02 6.483699873516146454e-03
2.915053062825177094e-02 6.850002541465801884e-03
2.983647240283340135e-02 7.242035875564599955e-03
3.053855508833415791e-02 7.654870117244137392e-03
3.125715849688236875e-02 8.078706649520343494e-03
3.199267137797384697e-02 8.547006189296135412e-03
3.274549162877728181e-02 9.091828568413807057e-03
3.351602650938842465e-02 9.597535414891791850e-03
3.430469286314919569e-02 1.019886532466057760e-02
3.511191734215131366e-02 1.078049196289840306e-02
3.593813663804627107e-02 1.140971264366914470e-02
3.678379771828634015e-02 1.201010112625349943e-02
3.764935806792467365e-02 1.276650104757333024e-02
3.853528593710529165e-02 1.355432398410972433e-02
3.944206059437655593e-02 1.423451749430719102e-02
4.037017258596553582e-02 1.512021121259602210e-02
4.132012400115338269e-02 1.596434566099014241e-02
4.229242874389498724e-02 1.684405076284007166e-02
4.328761281083059326e-02 1.786471604735909158e-02
4.430621457583882455e-02 1.891853016456724809e-02
4.534878508128582786e-02 1.989048770866849378e-02
4.641588833612779463e-02 2.111299376588977178e-02
4.750810162102798301e-02 2.230913590455476173e-02
4.862601580065353118e-02 2.363792303350504415e-02
4.977023564332110767e-02 2.485877116205225876e-02
5.094138014816380206e-02 2.632924609228378537e-02
5.214008287999684355e-02 2.794592198370334651e-02
5.336699231206309263e-02 2.945912085354877863e-02
5.462277217684342184e-02 3.097117256328098950e-02
5.590810182512222226e-02 3.300321227735938945e-02
5.722367659350219987e-02 3.467160342760144953e-02
5.857020818056667133e-02 3.670943235559859241e-02
5.994842503189409116e-02 3.874283629640701276e-02
6.135907273413176294e-02 4.075736548166104811e-02
6.280291441834252864e-02 4.333526906601684048e-02
6.428073117284321958e-02 4.579876854225858884e-02
6.579332246575682330e-02 4.812371985004820774e-02
6.734150657750820335e-02 5.070712254290844767e-02
6.892612104349699065e-02 5.377941350848618185e-02
7.054802310718645553e-02 5.671736715815685337e-02
7.220809018385462852e-02 5.987478573424209749e-02
7.390722033525778945e-02 6.328239419912996822e-02
7.564633275546289726e-02 6.657544694046527156e-02
7.742636826811269413e-02 7.042453722998077981e-02
7.924828983539176919e-02 7.395873725991521097e-02
8.111308307896872294e-02 7.858010024752282163e-02
8.302175681319744205e-02 8.181051967647842704e-02
8.497534359086446332e-02 8.684446578214834178e-02
8.697490026177834288e-02 9.142140815399632525e-02
8.902150854450388562e-02 9.622485956868459533e-02
9.111627561154897470e-02 1.015032601991226469e-01
9.326033468832199691e-02 1.072332608243570934e-01
9.545484566618342437e-02 1.128666591466459396e-01
9.770099572992255177e-02 1.188336750967891736e-01
9.999999999999999167e-02 1.251610789403214130e-01
1.000000000000000056e-01 1.247292602033676645e-01
1.096989966555183965e-01 1.525835140497378561e-01
1.193979933110367875e-01 1.846392805324503783e-01
1.290969899665551923e-01 2.170801017562542790e-01
1.387959866220735972e-01 2.511702476738441048e-01
1.484949832775919742e-01 2.901489651490023469e-01
1.581939799331103791e-01 3.299500878784201729e-01
1.678929765886287839e-01 3.689779464792716235e-01
1.775919732441471610e-01 4.098141695673032103e-01
1.872909698996655381e-01 4.548659790578664097e-01
1.969899665551839429e-01 4.965688883193777325e-01
2.066889632107023478e-01 5.429487639203567362e-01
2.163879598662207249e-01 5.890198427445021423e-01
2.260869565217391297e-01 6.352606899910913096e-01
2.357859531772575346e-01 6.753120842391424627e-01
2.454849498327759116e-01 7.250450434209414485e-01
2.551839464882943442e-01 7.689963428984478711e-01
2.648829431438127213e-01 8.154043579037605349e-01
2.745819397993310984e-01 8.534456354037689430e-01
2.842809364548495310e-01 8.972269595802707665e-01
2.939799331103678526e-01 9.388161983661382770e-01
3.036789297658862852e-01 9.755802669917065240e-01
3.133779264214047178e-01 1.015564592857959525e+00
3.230769230769230393e-01 1.052236760673038507e+00
3.327759197324414719e-01 1.086452455668626804e+00
3.424749163879599045e-01 1.118910721262428964e+00
3.521739130434782261e-01 1.141777871182136694e+00
3.618729096989966587e-01 1.177148534835806837e+00
3.715719063545150913e-01 1.199239732613401443e+00
3.812709030100334129e-01 1.220430834708289058e+00
3.909698996655518455e-01 1.242035912854887902e+00
4.006688963210702781e-01 1.264895615503986992e+00
4.103678929765885997e-01 1.275449130874884318e+00
4.200668896321070322e-01 1.290038474558848014e+00
4.297658862876254648e-01 1.300367957380984318e+00
4.394648829431437864e-01 1.302607516019137712e+00
4.491638795986622190e-01 1.312859896730894427e+00
4.588628762541806516e-01 1.310040478675192022e+00
4.685618729096989732e-01 1.311398301391184518e+00
4.782608695652174058e-01 1.311219956214822346e+00
4.879598662207357274e-01 1.302115130955729727e+00
4.976588628762541600e-01 1.294822065764634100e+00
5.073578595317725926e-01 1.282759663981392961e+00
5.170568561872909141e-01 1.267428270135315893e+00
5.267558528428093467e-01 1.251967303691623457e+00
5.364548494983277793e-01 1.236249408295195362e+00
5.461538461538461009e-01 1.216490916760792462e+00
5.558528428093645335e-01 1.194425454933274899e+00
5.655518394648829661e-01 1.173485624336342958e+00
5.752508361204012877e-01 1.145548465836404128e+00
5.849498327759197203e-01 1.116380310348424443e+00
5.946488294314381529e-01 1.087427205785363782e+00
6.043478260869564744e-01 1.060026144934530734e+00
6.140468227424749070e-01 1.025741536353819372e+00
6.237458193979932286e-01 9.917816343608731877e-01
6.334448160535116612e-01 9.590826571805085576e-01
6.431438127090300938e-01 9.233995014230713672e-01
6.528428093645484154e-01 8.939252425164168070e-01
6.625418060200668480e-01 8.581478218427188720e-01
6.722408026755852806e-01 8.228784001484488186e-01
6.819397993311036021e-01 7.871841980309661757e-01
6.916387959866220347e-01 7.523298804450098132e-01
7.013377926421404673e-01 7.188862956407728877e-01
7.110367892976587889e-01 6.842111316170746971e-01
7.207357859531772215e-01 6.550639690664965542e-01
7.304347826086956541e-01 6.245515784324844333e-01
7.401337792642139757e-01 5.988037220535363803e-01
7.498327759197324083e-01 5.738628558580163297e-01
7.595317725752508409e-01 5.500681179118297459e-01
7.692307692307691624e-01 5.287950021494541852e-01
7.789297658862875950e-01 5.133053251082578816e-01
7.886287625418060276e-01 4.993092574413364737e-01
7.983277591973243492e-01 4.885930993779834530e-01
8.080267558528427818e-01 4.817221260918126968e-01
8.177257525083612144e-01 4.772654108720338351e-01
8.274247491638795360e-01 4.787534141853064251e-01
8.371237458193979686e-01 4.848685481507764017e-01
8.468227424749164012e-01 4.914326050217632802e-01
8.565217391304347228e-01 5.030280400404627539e-01
8.662207357859531554e-01 5.219646267768182080e-01
8.759197324414714769e-01 5.453870758123047224e-01
8.856187290969899095e-01 5.737796631686390425e-01
8.953177257525083421e-01 6.058692102911710231e-01
9.050167224080266637e-01 6.412375205777713916e-01
9.147157190635450963e-01 6.810981034717000782e-01
9.244147157190635289e-01 7.292558372648034748e-01
9.341137123745818505e-01 7.820521749257555166e-01
9.438127090301002831e-01 8.430020609968403855e-01
9.535117056856187157e-01 9.055582167461710963e-01
9.632107023411370372e-01 9.753030250104923748e-01
9.729096989966554698e-01 1.048647887826203995e+00
9.826086956521739024e-01 1.127168807148738905e+00
9.923076923076922240e-01 1.213563810319885139e+00
1.002006688963210657e+00 1.308320726732526085e+00
1.011705685618729200e+00 1.403510367714114526e+00
1.021404682274247522e+00 1.490858619257172668e+00
1.031103678929765843e+00 1.597797665320865423e+00
1.040802675585284387e+00 1.700235574783340642e+00
1.050501672240802709e+00 1.798695966764769727e+00
1.060200668896321030e+00 1.892386242178590638e+00
1.069899665551839574e+00 1.997866895263873843e+00
1.079598662207357895e+00 2.084758350652835546e+00
1.089297658862876217e+00 2.173412474556539742e+00
1.098996655518394761e+00 2.252312097055166440e+00
1.108695652173913082e+00 2.320553663262593158e+00
1.118394648829431404e+00 2.377273387056458631e+00
1.128093645484949947e+00 2.431828301380923651e+00
1.137792642140468269e+00 2.474464021887165188e+00
1.147491638795986590e+00 2.507006422405858803e+00
1.157190635451505134e+00 2.537713823313838546e+00
1.166889632107023456e+00 2.546819097668745258e+00
1.176588628762541777e+00 2.555753950476883585e+00
1.186287625418060321e+00 2.560070408813610587e+00
1.195986622073578642e+00 2.558737280831604011e+00
1.205685618729096964e+00 2.549865538172998214e+00
1.215384615384615508e+00 2.537505434116211767e+00
1.225083612040133829e+00 2.520429793113001526e+00
1.234782608695652151e+00 2.508442267612739141e+00
1.244481605351170694e+00 2.492754308799983498e+00
1.254180602006689016e+00 2.473309278340202422e+00
1.263879598662207338e+00 2.458677078287200501e+00
1.273578595317725881e+00 2.447156639230237296e+00
1.283277591973244203e+00 2.427434640726681359e+00
1.292976588628762524e+00 2.425151291535017073e+00
1.302675585284281068e+00 2.413449885422995322e+00
1.312374581939799389e+00 2.412279516394333356e+00
1.322073578595317711e+00 2.405329400528980699e+00
1.331772575250836255e+00 2.401558107634418349e+00
1.341471571906354576e+00 2.401370511022626886e+00
1.351170568561872898e+00 2.400443472063022110e+00
1.360869565217391441e+00 2.405074828998327696e+00
1.370568561872909763e+00 2.409468372892022092e+00
1.380267558528428085e+00 2.413510161592415937e+00
1.389966555183946628e+00 2.412862827253986264e+00
1.399665551839464950e+00 2.422049522037382552e+00
1.409364548494983271e+00 2.422809200431741417e+00
1.419063545150501815e+00 2.428332204529463745e+00
1.428762541806020137e+00 2.426280179646942425e+00
1.438461538461538458e+00 2.430149700128959811e+00
1.448160535117057002e+00 2.431432614562643479e+00
1.457859531772575323e+00 2.436016314257712700e+00
1.467558528428093645e+00 2.431832374692097787e+00
1.477257525083612189e+00 2.436716399880618500e+00
1.486956521739130510e+00 2.429147107017823881e+00
1.496655518394648832e+00 2.421274635782874718e+00
1.506354515050167375e+00 2.416450488381093997e+00
1.516053511705685697e+00 2.400542260851639575e+00
1.525752508361204018e+00 2.388032854636759517e+00
1.535451505016722562e+00 2.376720179245638054e+00
1.545150501672240884e+00 2.354657958078075097e+00
1.554849498327759205e+00 2.329097060699302890e+00
1.564548494983277749e+00 2.302781019535372842e+00
1.574247491638796070e+00 2.268938695875383882e+00
1.583946488294314392e+00 2.233350133904536516e+00
1.593645484949832936e+00 2.194805057446877150e+00
1.603344481605351257e+00 2.150789596806448323e+00
1.613043478260869579e+00 2.099137291145864115e+00
1.622742474916388122e+00 2.047455809492970680e+00
1.632441471571906444e+00 1.993593083645201380e+00
1.642140468227424766e+00 1.929961202692499711e+00
1.651839464882943087e+00 1.869708081873961980e+00
1.661538461538461631e+00 1.803573513968121711e+00
1.671237458193979952e+00 1.730229588731947654e+00
1.680936454849498274e+00 1.657574368129100861e+00
1.690635451505016817e+00 1.584881086927000027e+00
1.700334448160535139e+00 1.509364509718707614e+00
1.710033444816053461e+00 1.432415525252984878e+00
1.719732441471572004e+00 1.354235611054616095e+00
1.729431438127090326e+00 1.277098799973204413e+00
1.739130434782608647e+00 1.202290806711719950e+00
1.748829431438127191e+00 1.127987678220518486e+00
1.758528428093645513e+00 1.052032916217209513e+00
1.768227424749163834e+00 9.854582498728732265e-01
1.777926421404682378e+00 9.177875897055520760e-01
1.787625418060200699e+00 8.518059523901836405e-01
1.797324414715719021e+00 7.892204980267349956e-01
1.807023411371237565e+00 7.346940905318004589e-01
1.816722408026755886e+00 6.786468146776106769e-01
1.826421404682274208e+00 6.223523269777591072e-01
1.836120401337792751e+00 5.780560974401032226e-01
1.845819397993311073e+00 5.353206381839690220e-01
1.855518394648829394e+00 4.914821293601343566e-01
1.865217391304347938e+00 4.510754213317819117e-01
1.874916387959866260e+00 4.192221698308766786e-01
1.884615384615384581e+00 3.877303164791209289e-01
1.894314381270903125e+00 3.557726876036267361e-01
1.904013377926421446e+00 3.293787379673456805e-01
1.913712374581939768e+00 3.063225807267223599e-01
1.923411371237458312e+00 2.833012552886662316e-01
1.933110367892976633e+00 2.606093213812401554e-01
1.942809364548494955e+00 2.439308157188951609e-01
1.952508361204013498e+00 2.280222372590006152e-01
1.962207357859531820e+00 2.120250045979251707e-01
1.971906354515050142e+00 1.960769155563758526e-01
1.981605351170568685e+00 1.844324003292432124e-01
1.991304347826087007e+00 1.728478696465179376e-01
2.001003344481605328e+00 1.618512856485753160e-01
2.010702341137123650e+00 1.506505125538620260e-01
2.020401337792641971e+00 1.425955972017924345e-01
2.030100334448160293e+00 1.340915348706101795e-01
2.039799331103679059e+00 1.261431086595415640e-01
2.049498327759197380e+00 1.182768519646746480e-01
2.059197324414715702e+00 1.120528900921456961e-01
2.068896321070234023e+00 1.058286740194271103e-01
2.078595317725752345e+00 1.000162830379986989e-01
2.088294314381270667e+00 9.414610394381345282e-02
2.097993311036789432e+00 8.934513942133090469e-02
2.107692307692307754e+00 8.472917217448325267e-02
2.117391304347826075e+00 8.040201386034459552e-02
2.127090301003344397e+00 7.593569690558918395e-02
2.136789297658862719e+00 7.222841792581904952e-02
2.146488294314381484e+00 6.853101797127431061e-02
2.156187290969899806e+00 6.512391731039829379e-02
2.165886287625418127e+00 6.182082886100316588e-02
2.175585284280936449e+00 5.874472145229713005e-02
2.185284280936454770e+00 5.583171436457031594e-02
2.194983277591973092e+00 5.322979443056380378e-02
2.204682274247491858e+00 5.062978424102483610e-02
2.214381270903010179e+00 4.804538735973866437e-02
2.224080267558528501e+00 4.585073629542744944e-02
2.233779264214046822e+00 4.364258188575553116e-02
2.243478260869565144e+00 4.157219612679304011e-02
2.253177257525083466e+00 3.948724164848547991e-02
2.262876254180602231e+00 3.764231050586342581e-02
2.272575250836120553e+00 3.590813464858820525e-02
2.282274247491638874e+00 3.419440928106302208e-02
2.291973244147157196e+00 3.254840032195623067e-02
2.301672240802675518e+00 3.090819052032279385e-02
2.311371237458193839e+00 2.952207523475679218e-02
2.321070234113712605e+00 2.814664008466983419e-02
2.330769230769230926e+00 2.675767055933121405e-02
2.340468227424749248e+00 2.537135768981152451e-02
2.350167224080267570e+00 2.423748156699750619e-02
2.359866220735785891e+00 2.303331897906353565e-02
2.369565217391304213e+00 2.189780782417419247e-02
2.379264214046822978e+00 2.078846121012652495e-02
2.388963210702341300e+00 1.973618478543137655e-02
2.398662207357859621e+00 1.882895766758851605e-02
2.408361204013377943e+00 1.795609718699235635e-02
2.418060200668896265e+00 1.696936506351213667e-02
2.427759197324414586e+00 1.608690324225523632e-02
2.437458193979933352e+00 1.525888348627407742e-02
2.447157190635451673e+00 1.451579037631886906e-02
2.456856187290969995e+00 1.377329773728505277e-02
2.466555183946488317e+00 1.301892057303224298e-02
2.476254180602006638e+00 1.231256043849058082e-02
2.485953177257524960e+00 1.166348304244706549e-02
2.495652173913043725e+00 1.105035568582471601e-02
2.505351170568562047e+00 1.048071536455539438e-02
2.515050167224080369e+00 9.917330865119627220e-03
2.524749163879598690e+00 9.337982719147886954e-03
2.534448160535117012e+00 8.842337395481517787e-03
2.544147157190635333e+00 8.347735142824544083e-03
2.553846153846154099e+00 7.881429533295260942e-03
2.563545150501672421e+00 7.430820858960004126e-03
2.573244147157190742e+00 6.972621633311719067e-03
2.582943143812709064e+00 6.572611500462827334e-03
2.592642140468227385e+00 6.212897824982748993e-03
2.602341137123745707e+00 5.842256361486632826e-03
2.612040133779264028e+00 5.477398565781665951e-03
2.621739130434782794e+00 5.125853853850422318e-03
2.631438127090301116e+00 4.819163750939478574e-03
2.641137123745819437e+00 4.534644142478620917e-03
2.650836120401337759e+00 4.254413522152710250e-03
2.660535117056856080e+00 3.973248693709841711e-03
2.670234113712374402e+00 3.706295102707986722e-03
2.679933110367893168e+00 3.465699524757004379e-03
2.689632107023411489e+00 3.245616145638381342e-03
2.699331103678929811e+00 3.040967143919096147e-03
2.709030100334448132e+00 2.829594823744907301e-03
2.718729096989966454e+00 2.630831290453139980e-03
2.728428093645484775e+00 2.432015532141906973e-03
2.738127090301003541e+00 2.279488792765255005e-03
2.747826086956521863e+00 2.123152002064326253e-03
2.757525083612040184e+00 1.974889030269829683e-03
2.767224080267558506e+00 1.828194351361842182e-03
2.776923076923076827e+00 1.682470816361293598e-03
2.786622073578595149e+00 1.562735919700821569e-03
2.796321070234113915e+00 1.451927597323666649e-03
2.806020066889632236e+00 1.344112873465816991e-03
2.815719063545150558e+00 1.239632011676300829e-03
2.825418060200668879e+00 1.136358361674284344e-03
2.835117056856187201e+00 1.040398635822928266e-03
2.844816053511705523e+00 9.647225885446205880e-04
2.854515050167224288e+00 8.892536459163496000e-04
2.864214046822742610e+00 8.182965443696317695e-04
2.873913043478260931e+00 7.483868451800769397e-04
2.883612040133779253e+00 6.789726632030176944e-04
2.893311036789297575e+00 6.212116107639827772e-04
2.903010033444815896e+00 5.719699553015451972e-04
2.912709030100334662e+00 5.243097367013341975e-04
2.922408026755852983e+00 4.785318663391605965e-04
2.932107023411371305e+00 4.329727713919888062e-04
2.941806020066889626e+00 3.883970198678699513e-04
2.951505016722407948e+00 3.558660751272782973e-04
2.961204013377926270e+00 3.262546498937337692e-04
2.970903010033445035e+00 2.966899371869591057e-04
2.980602006688963357e+00 2.681261685361989271e-04
2.990301003344481678e+00 2.404795195773809968e-04
3.000000000000000000e+00 2.134038058531381016e-04
3.053855508833415389e+00 1.179921751244332294e-04
3.199267137797383587e+00 1.914162933333634771e-05
3.351602650938842576e+00 2.048573024494904137e-06
3.511191734215131532e+00 1.372348737625709380e-07
3.678379771828633960e+00 5.536729115929502497e-09
3.853528593710529471e+00 1.308274075517784642e-10
4.037017258596554470e+00 1.771054213010557664e-12
4.229242874389498752e+00 1.355822697746752928e-14
4.430621457583881373e+00 5.797936645913514696e-17
4.641588833612779297e+00 1.371635034675380734e-19
4.862601580065354590e+00 1.786673498700492912e-22
5.094138014816380178e+00 1.274313825630073594e-25
5.336699231206309513e+00 4.970239154981879457e-29
5.590810182512223392e+00 1.056889704850075999e-32
5.857020818056667189e+00 1.225818506899056907e-36
6.135907273413174323e+00 7.762441419422314656e-41
6.428073117284322180e+00 2.694225634097569950e-45
6.734150657750822333e+00 5.176413874520358719e-50
7.054802310718643277e+00 5.559478615637632350e-55
7.390722033525778834e+00 3.458047578683129355e-60
7.742636826811271966e+00 1.312404074413269462e-65
8.111308307896871739e+00 3.421324289234672332e-71
8.497534359086444056e+00 7.545787986131834416e-77
8.902150854450388451e+00 1.700311955045148461e-82
9.326033468832198636e+00 4.028440223951309924e-88
9.770099572992252845e+00 9.451069386829814129e-94
