1.023531021899026262e-02 2.817297833556780531e-04
1.047615752789664637e-02 2.986557834112728033e-04
1.072267222010323158e-02 3.186122107113023745e-04
1.097498765493056146e-02 3.390382331391552815e-04
1.123324032978027798e-02 3.599449007480682097e-04
1.149756995397735806e-02 3.813435236103214672e-04
1.176811952434998580e-02 4.032456779357558650e-04
1.204503540258782326e-02 4.304191561387613984e-04
1.232846739442065853e-02 4.583896052299399684e-04
1.261856883066020396e-02 4.870182275712092506e-04
1.291549665014883955e-02 5.163205106517297941e-04
1.321941148466028622e-02 5.463123063971089344e-04
1.353047774579806822e-02 5.810351908087081716e-04
1.384886371393873050e-02 6.182298819426546282e-04
1.417474162926805545e-02 6.562998021682017085e-04
1.450828778495939428e-02 6.952655465202691766e-04
1.484968262254464898e-02 7.351481946559978390e-04
1.519911082952933937e-02 7.805385154155356636e-04
1.555676143930472335e-02 8.325597502867118508e-04
1.592282793341092198e-02 8.858050979748547174e-04
1.629750834620644420e-02 9.403033631054701427e-04
1.668100537200058880e-02 9.960840281063320940e-04
1.707352647470690432e-02 1.055520198118474863e-03
1.747528400007683849e-02 1.126039948251720104e-03
1.788649529057434809e-02 1.198219100169664163e-03
1.830738280295367629e-02 1.272096701292041269e-03
1.873817422860384052e-02 1.347712717864278913e-03
1.917910261672488639e-02 1.425108056578394114e-03
1.963040650040270493e-02 1.513477082169169740e-03
2.009233002565046639e-02 1.604522832713283680e-03
2.056512308348651397e-02 1.697710982807265536e-03
2.104904144512020903e-02 1.793091945301839105e-03
2.154434690031884272e-02 1.890717319313621209e-03
2.205130739903045367e-02 2.010193725859964978e-03
2.257019719633920549e-02 2.141698040839283383e-03
2.310129700083160542e-02 2.276296786734195287e-03
2.364489412645407254e-02 2.414062778666338678e-03
2.420128264794382117e-02 2.555070545171581921e-03
2.477076355991711387e-02 2.711530512619492184e-03
2.535364493970111363e-02 2.888284148057218472e-03
2.595024211399735853e-02 3.069196977161166816e-03
2.656087782946686682e-02 3.254366870008574587e-03
2.718588242732939905e-02 3.443893999659610253e-03
2.782559402207124277e-02 3.644297203027499661e-03
2.848035868435801893e-02 3.881626322530763815e-03
2.915053062825177094e-02 4.124540038742334318e-03
2.983647240283340135e-02 4.373169762929654016e-03
3.053855508833415791e-02 4.627649998601570530e-03
3.125715849688236875e-02 4.888118414271954738e-03
3.199267137797384697e-02 5.200424239870171834e-03
3.274549162877728181e-02 5.524624021783147015e-03
3.351602650938842465e-02 5.856452555863986623e-03
3.430469286314919569e-02 6.196089354447004843e-03
3.511191734215131366e-02 6.543718153975186351e-03
3.593813663804627107e-02 6.953052988295073747e-03
3.678379771828634015e-02 7.400759689468809979e-03
3.764935806792467365e-02 7.859001386832195624e-03
3.853528593710529165e-02 8.328025979611295912e-03
3.944206059437655593e-02 8.808087200354263596e-03
4.037017258596553582e-02 9.292898139965732537e-03
4.132012400115338269e-02 9.779017663935333018e-03
4.229242874389498724e-02 1.032423093314171689e-02
4.328761281083059326e-02 1.093525457883959620e-02
4.430621457583882455e-02 1.160454637726313076e-02
4.534878508128582786e-02 1.232248983493447816e-02
4.641588833612779463e-02 1.302353284284750792e-02
4.750810162102798301e-02 1.378472973706309709e-02
4.862601580065353118e-02 1.463983010104598879e-02
4.977023564332110767e-02 1.541648152184765808e-02
5.094138014816380206e-02 1.631943605116835394e-02
5.214008287999684355e-02 1.731610887002624569e-02
5.336699231206309263e-02 1.834649565640203428e-02
5.462277217684342184e-02 1.947662385495419618e-02
5.590810182512222226e-02 2.060783134492207014e-02
5.722367659350219987e-02 2.170730633470812146e-02
5.857020818056667133e-02 2.296039750202963359e-02
5.994842503189409116e-02 2.439772263140908837e-02
6.135907273413176294e-02 2.592714411745723410e-02
6.280291441834252864e-02 2.736072872050161753e-02
6.428073117284321958e-02 2.888594621488587560e-02
6.579332246575682330e-02 3.056783333550553913e-02
6.734150657750820335e-02 3.243541113494168016e-02
6.892612104349699065e-02 3.431300509378513997e-02
7.054802310718645553e-02 3.618663355203834836e-02
7.220809018385462852e-02 3.815719853725520888e-02
7.390722033525778945e-02 4.044475800770912927e-02
7.564633275546289726e-02 4.279649250535484672e-02
7.742636826811269413e-02 4.521431835108772473e-02
7.924828983539176919e-02 4.770473897512148703e-02
8.111308307896872294e-02 5.036227111551649926e-02
8.302175681319744205e-02 5.318800860917417828e-02
8.497534359086446332e-02 5.624560537174949637e-02
8.697490026177834288e-02 5.970714793291133360e-02
8.902150854450388562e-02 6.310117361762289379e-02
9.111627561154897470e-02 6.657159465864923020e-02
9.326033468832199691e-02 7.016486125490387082e-02
9.545484566618342437e-02 7.405825340055925687e-02
9.770099572992255177e-02 7.829879765478216236e-02
9.999999999999999167e-02 8.275253042674388104e-02
1.000000000000000056e-01 8.275253042674390880e-02
1.096989966555183965e-01 1.028663181717385522e-01
1.193979933110367875e-01 1.246380863957430307e-01
1.290969899665551923e-01 1.483484178359213979e-01
1.387959866220735972e-01 1.753512715088789420e-01
1.484949832775919742e-01 2.027055220378036759e-01
1.581939799331103791e-01 2.343787559322253466e-01
1.678929765886287839e-01 2.667645350684263450e-01
1.775919732441471610e-01 3.000130891989347681e-01
1.872909698996655381e-01 3.358320139959504735e-01
1.969899665551839429e-01 3.735905514934433347e-01
2.066889632107023478e-01 4.122647509638538432e-01
2.163879598662207249e-01 4.538184490055519604e-01
2.260869565217391297e-01 4.946696564098190807e-01
2.357859531772575346e-01 5.351603269520351924e-01
2.454849498327759116e-01 5.794119920288053338e-01
2.551839464882943442e-01 6.233311459409093258e-01
2.648829431438127213e-01 6.673519256468981586e-01
2.745819397993310984e-01 7.132546493543827637e-01
2.842809364548495310e-01 7.592576277820870523e-01
2.939799331103678526e-01 8.052145037602913558e-01
3.036789297658862852e-01 8.519470328510284629e-01
3.133779264214047178e-01 8.973326979100360035e-01
3.230769230769230393e-01 9.445777532012495925e-01
3.327759197324414719e-01 9.904186156272032360e-01
3.424749163879599045e-01 1.031321858893800014e+00
3.521739130434782261e-01 1.076376084288491519e+00
3.618729096989966587e-01 1.123936611352308601e+00
3.715719063545150913e-01 1.168547768034911005e+00
3.812709030100334129e-01 1.211705076206933240e+00
3.909698996655518455e-01 1.254382293808000925e+00
4.006688963210702781e-01 1.293760595711413774e+00
4.103678929765885997e-01 1.336006304588169380e+00
4.200668896321070322e-01 1.376325047844181970e+00
4.297658862876254648e-01 1.413633968351855952e+00
4.394648829431437864e-01 1.452018732745749441e+00
4.491638795986622190e-01 1.488849164918017554e+00
4.588628762541806516e-01 1.524575421418877585e+00
4.685618729096989732e-01 1.561012612659269605e+00
4.782608695652174058e-01 1.592903594439269765e+00
4.879598662207357274e-01 1.620274099888626917e+00
4.976588628762541600e-01 1.652534988498304713e+00
5.073578595317725926e-01 1.683441459981622090e+00
5.170568561872909141e-01 1.707448263187775872e+00
5.267558528428093467e-01 1.731763044972159715e+00
5.364548494983277793e-01 1.756385087612204687e+00
5.461538461538461009e-01 1.779842436062402999e+00
5.558528428093645335e-01 1.802851920409095143e+00
5.655518394648829661e-01 1.820556534814138594e+00
5.752508361204012877e-01 1.837573008489877147e+00
5.849498327759197203e-01 1.851624008740712979e+00
5.946488294314381529e-01 1.865524797487708053e+00
6.043478260869564744e-01 1.875356340611906480e+00
6.140468227424749070e-01 1.885189851781344128e+00
6.237458193979932286e-01 1.896297342916511308e+00
6.334448160535116612e-01 1.907404834051678932e+00
6.431438127090300938e-01 1.912710009088045560e+00
6.528428093645484154e-01 1.917436401339575491e+00
6.625418060200668480e-01 1.919273690314118763e+00
6.722408026755852806e-01 1.920137165672299417e+00
6.819397993311036021e-01 1.918760235533320424e+00
6.916387959866220347e-01 1.915274142722738215e+00
7.013377926421404673e-01 1.911188413150601395e+00
7.110367892976587889e-01 1.904826030507130508e+00
7.207357859531772215e-01 1.898463647863660064e+00
7.304347826086956541e-01 1.891574074349172463e+00
7.401337792642139757e-01 1.884573164109112353e+00
7.498327759197324083e-01 1.875448030115286491e+00
7.595317725752508409e-01 1.862612076877527389e+00
7.692307692307691624e-01 1.849776123639768510e+00
7.789297658862875950e-01 1.834370390644584070e+00
7.886287625418060276e-01 1.818404778815663647e+00
7.983277591973243492e-01 1.802327153622465872e+00
8.080267558528427818e-01 1.785784525824577473e+00
8.177257525083612144e-01 1.769241898026689519e+00
8.274247491638795360e-01 1.749756423223041590e+00
8.371237458193979686e-01 1.727087049814453046e+00
8.468227424749164012e-01 1.704417676405864723e+00
8.565217391304347228e-01 1.682066539992370657e+00
8.662207357859531554e-01 1.659867344094403396e+00
8.759197324414714769e-01 1.637668148196436135e+00
8.856187290969899095e-01 1.612296279442144487e+00
8.953177257525083421e-01 1.586033256312634032e+00
9.050167224080266637e-01 1.559770233183123800e+00
9.147157190635450963e-01 1.533822886465729951e+00
9.244147157190635289e-01 1.507960028844431033e+00
9.341137123745818505e-01 1.482097171223132115e+00
9.438127090301002831e-01 1.455204224900907617e+00
9.535117056856187157e-01 1.427865898640376274e+00
9.632107023411370372e-01 1.400527572379845154e+00
9.729096989966554698e-01 1.373234305310351067e+00
9.826086956521739024e-01 1.345985155856050941e+00
9.923076923076922240e-01 1.318736006401751482e+00
1.002006688963210657e+00 1.291504193918099563e+00
1.011705685618729200e+00 1.264536893008108676e+00
1.021404682274247522e+00 1.240884615025472204e+00
1.031103678929765843e+00 1.215833965367594027e+00
1.040802675585284387e+00 1.193590733692116101e+00
1.050501672240802709e+00 1.169887152935614072e+00
1.060200668896321030e+00 1.144625927961158585e+00
1.069899665551839574e+00 1.121108279739878810e+00
1.079598662207357895e+00 1.098118566494357795e+00
1.089297658862876217e+00 1.080412362917642088e+00
1.098996655518394761e+00 1.063272696263480199e+00
1.108695652173913082e+00 1.045377017680287457e+00
1.118394648829431404e+00 1.026641148800453873e+00
1.128093645484949947e+00 1.010004934045576563e+00
1.137792642140468269e+00 9.966552301057798324e-01
1.147491638795986590e+00 9.849501549306662884e-01
1.157190635451505134e+00 9.735023203826052018e-01
1.166889632107023456e+00 9.597672630895732748e-01
1.176588628762541777e+00 9.524160046900238541e-01
1.186287625418060321e+00 9.468920277164154520e-01
1.195986622073578642e+00 9.423934421704268649e-01
1.205685618729096964e+00 9.388731588682953655e-01
1.215384615384615508e+00 9.365284400006751442e-01
1.225083612040133829e+00 9.363673552653618559e-01
1.234782608695652151e+00 9.389310944027977612e-01
1.244481605351170694e+00 9.442976237220563895e-01
1.254180602006689016e+00 9.519240872601510972e-01
1.263879598662207338e+00 9.613244705290343584e-01
1.273578595317725881e+00 9.717274219281670788e-01
1.283277591973244203e+00 9.848307645646203756e-01
1.292976588628762524e+00 9.997291349844894537e-01
1.302675585284281068e+00 1.016726081982724850e+00
1.312374581939799389e+00 1.036124360411786904e+00
1.322073578595317711e+00 1.057749002570064434e+00
1.331772575250836255e+00 1.083757955683869900e+00
1.341471571906354576e+00 1.111972636083811361e+00
1.351170568561872898e+00 1.141024447515154749e+00
1.360869565217391441e+00 1.170046144648350328e+00
1.370568561872909763e+00 1.203600798155189278e+00
1.380267558528428085e+00 1.239908488790095298e+00
1.389966555183946628e+00 1.278387207402547743e+00
1.399665551839464950e+00 1.318001133155283444e+00
1.409364548494983271e+00 1.358852835544685389e+00
1.419063545150501815e+00 1.402516779832239990e+00
1.428762541806020137e+00 1.447970642084287496e+00
1.438461538461538458e+00 1.497560853845428808e+00
1.448160535117057002e+00 1.547643346120512131e+00
1.457859531772575323e+00 1.598041315534092899e+00
1.467558528428093645e+00 1.655085543341880294e+00
1.477257525083612189e+00 1.710983975907683696e+00
1.486956521739130510e+00 1.762886540450590012e+00
1.496655518394648832e+00 1.819990321492682472e+00
1.506354515050167375e+00 1.880927923889375908e+00
1.516053511705685697e+00 1.939077117390261007e+00
1.525752508361204018e+00 1.997143383566995167e+00
1.535451505016722562e+00 2.057790302350597234e+00
1.545150501672240884e+00 2.117828292402223589e+00
1.554849498327759205e+00 2.176836109157026744e+00
1.564548494983277749e+00 2.236662840236645522e+00
1.574247491638796070e+00 2.297040263169021657e+00
1.583946488294314392e+00 2.356487721986731287e+00
1.593645484949832936e+00 2.415709258804314086e+00
1.603344481605351257e+00 2.470581544607762581e+00
1.613043478260869579e+00 2.525899964665683228e+00
1.622742474916388122e+00 2.583811515848909668e+00
1.632441471571906444e+00 2.637614304529073195e+00
1.642140468227424766e+00 2.681986101177372017e+00
1.651839464882943087e+00 2.726828956644025137e+00
1.661538461538461631e+00 2.772299591735407187e+00
1.671237458193979952e+00 2.812665407558731623e+00
1.680936454849498274e+00 2.848558455918052346e+00
1.690635451505016817e+00 2.878289006842888575e+00
1.700334448160535139e+00 2.904180452841504056e+00
1.710033444816053461e+00 2.926383863338463343e+00
1.719732441471572004e+00 2.946835052925573351e+00
1.729431438127090326e+00 2.957454121148036297e+00
1.739130434782608647e+00 2.964212538560528465e+00
1.748829431438127191e+00 2.966534502762470549e+00
1.758528428093645513e+00 2.967267735218457325e+00
1.768227424749163834e+00 2.962090617451581309e+00
1.777926421404682378e+00 2.954754787179348696e+00
1.787625418060200699e+00 2.937082941715500439e+00
1.797324414715719021e+00 2.915112295365390960e+00
1.807023411371237565e+00 2.887701957758830762e+00
1.816722408026755886e+00 2.857457304144993770e+00
1.826421404682274208e+00 2.822973101268166474e+00
1.836120401337792751e+00 2.785490784243473961e+00
1.845819397993311073e+00 2.744325954787861566e+00
1.855518394648829394e+00 2.699343051007673466e+00
1.865217391304347938e+00 2.653555632697831790e+00
1.874916387959866260e+00 2.606414631003246996e+00
1.884615384615384581e+00 2.557874179103461820e+00
1.894314381270903125e+00 2.504674365938307723e+00
1.904013377926421446e+00 2.451225943216555070e+00
1.913712374581939768e+00 2.394216979618918995e+00
1.923411371237458312e+00 2.337208016021282031e+00
1.933110367892976633e+00 2.279446596099367728e+00
1.942809364548494955e+00 2.221578063759129584e+00
1.952508361204013498e+00 2.164595450090169848e+00
1.962207357859531820e+00 2.108067039343388238e+00
1.971906354515050142e+00 2.051416075749353585e+00
1.981605351170568685e+00 1.994597289269709917e+00
1.991304347826087007e+00 1.937876253081247668e+00
2.001003344481605328e+00 1.881675982646336287e+00
2.010702341137123650e+00 1.825475712211424684e+00
2.020401337792641971e+00 1.769422029347766490e+00
2.030100334448160293e+00 1.713390489505224101e+00
2.039799331103679059e+00 1.658244074124652023e+00
2.049498327759197380e+00 1.603810381192755763e+00
2.059197324414715702e+00 1.549581915556720757e+00
2.068896321070234023e+00 1.496110382096428548e+00
2.078595317725752345e+00 1.442638848636136117e+00
2.088294314381270667e+00 1.389369143158589726e+00
2.097993311036789432e+00 1.336136027699254436e+00
2.107692307692307754e+00 1.283230467992463542e+00
2.117391304347826075e+00 1.230719874173428430e+00
2.127090301003344397e+00 1.178285481256296174e+00
2.136789297658862719e+00 1.128051827271085328e+00
2.146488294314381484e+00 1.077818173285872483e+00
2.156187290969899806e+00 1.028201592993454039e+00
2.165886287625418127e+00 9.790199268844251845e-01
2.175585284280936449e+00 9.300904129349975014e-01
2.185284280936454770e+00 8.831523630269795255e-01
2.194983277591973092e+00 8.362143131189615497e-01
2.204682274247491858e+00 7.910159832689285242e-01
2.214381270903010179e+00 7.469272008386798056e-01
2.224080267558528501e+00 7.030936513318363223e-01
2.233779264214046822e+00 6.621611055618508157e-01
2.243478260869565144e+00 6.212285597918653091e-01
2.253177257525083466e+00 5.822683358599036740e-01
2.262876254180602231e+00 5.451075473931303872e-01
2.272575250836120553e+00 5.079467589263589877e-01
2.282274247491638874e+00 4.747922286572894834e-01
2.291973244147157196e+00 4.419096788527461239e-01
2.301672240802675518e+00 4.104490891034690003e-01
2.311371237458193839e+00 3.819953132802801354e-01
2.321070234113712605e+00 3.535415374570899938e-01
2.330769230769230926e+00 3.278457311443547795e-01
2.340468227424749248e+00 3.034685675024420548e-01
2.350167224080267570e+00 2.791029047181189382e-01
2.359866220735785891e+00 2.593516912880008407e-01
2.369565217391304213e+00 2.396004778578826877e-01
2.379264214046822978e+00 2.208814161949206600e-01
2.388963210702341300e+00 2.045868602623865662e-01
2.398662207357859621e+00 1.882923043298525001e-01
2.408361204013377943e+00 1.739704098142232092e-01
2.418060200668896265e+00 1.611701480892137051e-01
2.427759197324414586e+00 1.483698863642041732e-01
2.437458193979933352e+00 1.377854460542404236e-01
2.447157190635451673e+00 1.277550703880258876e-01
2.456856187290969995e+00 1.177351951026816834e-01
2.466555183946488317e+00 1.100128706938718198e-01
2.476254180602006638e+00 1.022905462850619562e-01
2.485953177257524960e+00 9.489753773014121541e-02
2.495652173913043725e+00 8.902596061737867716e-02
2.505351170568562047e+00 8.315438350461643036e-02
2.515050167224080369e+00 7.770490212561884102e-02
2.524749163879598690e+00 7.315327317218751901e-02
2.534448160535117012e+00 6.860164421875618312e-02
2.544147157190635333e+00 6.451342797691858588e-02
2.553846153846154099e+00 6.104017117422479849e-02
2.563545150501672421e+00 5.756691437153116375e-02
2.573244147157190742e+00 5.445490913327424159e-02
2.582943143812709064e+00 5.169356878668477512e-02
2.592642140468227385e+00 4.893222844009530170e-02
2.602341137123745707e+00 4.649068151531452614e-02
2.612040133779264028e+00 4.430812400402558277e-02
2.621739130434782794e+00 4.212556649273653531e-02
2.631438127090301116e+00 4.017041541189334680e-02
2.641137123745819437e+00 3.839059940878943727e-02
2.650836120401337759e+00 3.661078340568553469e-02
2.660535117056856080e+00 3.500664086565646871e-02
2.670234113712374402e+00 3.355009672195491399e-02
2.679933110367893168e+00 3.209355257825328989e-02
2.689632107023411489e+00 3.073406801286816120e-02
2.699331103678929811e+00 2.947621816630526664e-02
2.709030100334448132e+00 2.821836831974237556e-02
2.718729096989966454e+00 2.703282152867509530e-02
2.728428093645484775e+00 2.595597324279414614e-02
2.738127090301003541e+00 2.487912495691315534e-02
2.747826086956521863e+00 2.384476082937158833e-02
2.757525083612040184e+00 2.292186028825893285e-02
2.767224080267558506e+00 2.199895974714627736e-02
2.776923076923076827e+00 2.109118336422390397e-02
2.786622073578595149e+00 2.029687443252115031e-02
2.796321070234113915e+00 1.950256550081836196e-02
2.806020066889632236e+00 1.870825656911561177e-02
2.815719063545150558e+00 1.799455373044904147e-02
2.825418060200668879e+00 1.728747901216476715e-02
2.835117056856187201e+00 1.658040429388049283e-02
2.844816053511705523e+00 1.594077340962502670e-02
2.854515050167224288e+00 1.533076983882243789e-02
2.864214046822742610e+00 1.472076626801987510e-02
2.873913043478260931e+00 1.414108469270431399e-02
2.883612040133779253e+00 1.360167596771101953e-02
2.893311036789297575e+00 1.306226724271772506e-02
2.903010033444815896e+00 1.253062289823471225e-02
2.912709030100334662e+00 1.205195960325875643e-02
2.922408026755852983e+00 1.157329630828281969e-02
2.932107023411371305e+00 1.109463301330688295e-02
2.941806020066889626e+00 1.066225963809069345e-02
2.951505016722407948e+00 1.024224522727763646e-02
2.961204013377926270e+00 9.822230816464579475e-03
2.970903010033445035e+00 9.422778534321614441e-03
2.980602006688963357e+00 9.052494635456823785e-03
2.990301003344481678e+00 8.682210736592029660e-03
3.000000000000000000e+00 8.311926837727239004e-03
3.053855508833415389e+00 6.577851481416385933e-03
3.199267137797383587e+00 3.382839324372615038e-03
3.351602650938842576e+00 1.568582816530151441e-03
3.511191734215131532e+00 6.226442653601667798e-04
3.678379771828633960e+00 2.011316839555962700e-04
3.853528593710529471e+00 4.883714230521679807e-05
4.037017258596554470e+00 8.155956621074234399e-06
4.229242874389498752e+00 8.506982577339699219e-07
4.430621457583881373e+00 5.114713509392273354e-08
4.641588833612779297e+00 1.649578607529542813e-09
4.862601580065354590e+00 2.694972642458730238e-11
5.094138014816380178e+00 2.144593492356620468e-13
5.336699231206309513e+00 8.063782702315807842e-16
5.590810182512223392e+00 1.401786021823987188e-18
5.857020818056667189e+00 1.110282106221130598e-21
6.135907273413174323e+00 3.947896085252206275e-25
6.428073117284322180e+00 6.265813009725077063e-29
6.734150657750822333e+00 4.423272400605671203e-33
7.054802310718643277e+00 1.375708738370808290e-37
7.390722033525778834e+00 1.893517548156635570e-42
7.742636826811271966e+00 1.149378511159341309e-47
8.111308307896871739e+00 3.099677057276520716e-53
8.497534359086444056e+00 3.742427993350386413e-59
8.902150854450388451e+00 2.058639168727438343e-65
9.326033468832198636e+00 5.426353587252566627e-72
9.770099572992252845e+00 7.726379570682053373e-79
