1.023531021899026262e-02 1.625002507707741745e-04
1.047615752789664637e-02 1.722602190471387250e-04
1.072267222010323158e-02 1.828127467905363626e-04
1.097498765493056146e-02 1.939628786109179586e-04
1.123324032978027798e-02 2.057897098455919516e-04
1.149756995397735806e-02 2.182574228699278162e-04
1.176811952434998580e-02 2.314164920568793134e-04
1.204503540258782326e-02 2.454992225187454429e-04
1.232846739442065853e-02 2.603230914555544140e-04
1.261856883066020396e-02 2.762914042379399572e-04
1.291549665014883955e-02 2.927929805199950566e-04
1.321941148466028622e-02 3.104006192071695979e-04
1.353047774579806822e-02 3.292722742135294070e-04
1.384886371393873050e-02 3.490472221941809221e-04
1.417474162926805545e-02 3.699990716308667986e-04
1.450828778495939428e-02 3.924324702964978847e-04
1.484968262254464898e-02 4.157234317421122801e-04
1.519911082952933937e-02 4.410371114115700457e-04
1.555676143930472335e-02 4.670620668321153303e-04
1.592282793341092198e-02 4.952167559651732016e-04
1.629750834620644420e-02 5.247456120297917196e-04
1.668100537200058880e-02 5.566405745273969672e-04
1.707352647470690432e-02 5.894755156283307262e-04
1.747528400007683849e-02 6.247111982587917785e-04
1.788649529057434809e-02 6.622113233786113299e-04
1.830738280295367629e-02 7.009859276759631717e-04
1.873817422860384052e-02 7.435175266968831187e-04
1.917910261672488639e-02 7.871269204208071425e-04
1.963040650040270493e-02 8.335781227329781525e-04
2.009233002565046639e-02 8.832368149018996742e-04
2.056512308348651397e-02 9.355873319099666189e-04
2.104904144512020903e-02 9.902400539783323078e-04
2.154434690031884272e-02 1.049576224619691535e-03
2.205130739903045367e-02 1.110929588237326337e-03
2.257019719633920549e-02 1.176553908169239134e-03
2.310129700083160542e-02 1.246250426370915966e-03
2.364489412645407254e-02 1.319156759923813043e-03
2.420128264794382117e-02 1.396445074051640752e-03
2.477076355991711387e-02 1.479082155241496577e-03
2.535364493970111363e-02 1.565089489270219151e-03
2.595024211399735853e-02 1.656052098198185782e-03
2.656087782946686682e-02 1.753574278363747782e-03
2.718588242732939905e-02 1.855532595269302398e-03
2.782559402207124277e-02 1.962650010726658088e-03
2.848035868435801893e-02 2.078759571873577041e-03
2.915053062825177094e-02 2.199166385872874246e-03
2.983647240283340135e-02 2.326441790668505333e-03
3.053855508833415791e-02 2.461201286590458063e-03
3.125715849688236875e-02 2.604150115706936608e-03
3.199267137797384697e-02 2.753754161230680033e-03
3.274549162877728181e-02 2.911433079475642376e-03
3.351602650938842465e-02 3.079960615433253047e-03
3.430469286314919569e-02 3.257562782500536894e-03
3.511191734215131366e-02 3.444963259096617096e-03
3.593813663804627107e-02 3.644066901963300548e-03
3.678379771828634015e-02 3.853249225435929036e-03
3.764935806792467365e-02 4.070223023541499896e-03
3.853528593710529165e-02 4.303086907687923325e-03
3.944206059437655593e-02 4.550797214478581251e-03
4.037017258596553582e-02 4.807797945110003218e-03
4.132012400115338269e-02 5.083019845166297443e-03
4.229242874389498724e-02 5.369489007953720007e-03
4.328761281083059326e-02 5.672800683179522914e-03
4.430621457583882455e-02 5.990826278236297160e-03
4.534878508128582786e-02 6.329756885841208297e-03
4.641588833612779463e-02 6.689245541782288217e-03
4.750810162102798301e-02 7.063643020272146467e-03
4.862601580065353118e-02 7.457173072238086273e-03
4.977023564332110767e-02 7.875690597683357094e-03
5.094138014816380206e-02 8.320253042887661848e-03
5.214008287999684355e-02 8.778724603495421941e-03
5.336699231206309263e-02 9.268211584662858216e-03
5.462277217684342184e-02 9.779987062135888851e-03
5.590810182512222226e-02 1.032748095564445939e-02
5.722367659350219987e-02 1.089719193168762687e-02
5.857020818056667133e-02 1.148898258699652258e-02
5.994842503189409116e-02 1.212583544694211500e-02
6.135907273413176294e-02 1.278719892847112426e-02
6.280291441834252864e-02 1.348802687465001059e-02
6.428073117284321958e-02 1.422473606317103609e-02
6.579332246575682330e-02 1.499460950225787494e-02
6.734150657750820335e-02 1.580895616199370912e-02
6.892612104349699065e-02 1.667617132555395190e-02
7.054802310718645553e-02 1.756936381794766897e-02
7.220809018385462852e-02 1.851221827947581097e-02
7.390722033525778945e-02 1.950966228199210728e-02
7.564633275546289726e-02 2.055177755573200579e-02
7.742636826811269413e-02 2.165519522048413303e-02
7.924828983539176919e-02 2.279844603349547374e-02
8.111308307896872294e-02 2.401202382766733437e-02
8.302175681319744205e-02 2.527594337501361602e-02
8.497534359086446332e-02 2.661097732965198026e-02
8.697490026177834288e-02 2.798901378571454213e-02
8.902150854450388562e-02 2.947886409130647672e-02
9.111627561154897470e-02 3.101813026631307021e-02
9.326033468832199691e-02 3.260616248171785414e-02
9.545484566618342437e-02 3.430386252362690319e-02
9.770099572992255177e-02 3.606786367008135014e-02
9.999999999999999167e-02 3.790064334968433479e-02
1.000000000000000056e-01 3.788870371446208252e-02
1.096989966555183965e-01 4.607333729711327042e-02
1.193979933110367875e-01 5.489649378173460520e-02
1.290969899665551923e-01 6.453713985546077891e-02
1.387959866220735972e-01 7.447141948146027146e-02
1.484949832775919742e-01 8.502591929139344251e-02
1.581939799331103791e-01 9.599641582556392438e-02
1.678929765886287839e-01 1.072616634752596998e-01
1.775919732441471610e-01 1.187509394920092665e-01
1.872909698996655381e-01 1.305114103920594626e-01
1.969899665551839429e-01 1.423224034611712263e-01
2.066889632107023478e-01 1.539536198403939904e-01
2.163879598662207249e-01 1.656679964731939403e-01
2.260869565217391297e-01 1.772844900830182480e-01
2.357859531772575346e-01 1.887372671991007500e-01
2.454849498327759116e-01 1.998311306660551512e-01
2.551839464882943442e-01 2.108843456072122258e-01
2.648829431438127213e-01 2.213753297577117918e-01
2.745819397993310984e-01 2.314613312762288655e-01
2.842809364548495310e-01 2.413291626247774380e-01
2.939799331103678526e-01 2.504657659986976315e-01
3.036789297658862852e-01 2.588815321569938877e-01
3.133779264214047178e-01 2.670902521864011447e-01
3.230769230769230393e-01 2.745193477898382750e-01
3.327759197324414719e-01 2.812783607828462928e-01
3.424749163879599045e-01 2.874116588499984748e-01
3.521739130434782261e-01 2.927045715971599016e-01
3.618729096989966587e-01 2.974294465168665358e-01
3.715719063545150913e-01 3.015519797676023406e-01
3.812709030100334129e-01 3.049317852331800416e-01
3.909698996655518455e-01 3.072480948674303769e-01
4.006688963210702781e-01 3.087968022181798444e-01
4.103678929765885997e-01 3.097305029062658033e-01
4.200668896321070322e-01 3.100167115769852932e-01
4.297658862876254648e-01 3.094871663750564661e-01
4.394648829431437864e-01 3.083791870514147049e-01
4.491638795986622190e-01 3.061925182248005917e-01
4.588628762541806516e-01 3.035620937029505639e-01
4.685618729096989732e-01 3.001234528435176574e-01
4.782608695652174058e-01 2.958334567598503995e-01
4.879598662207357274e-01 2.907706863424896482e-01
4.976588628762541600e-01 2.853794957575574998e-01
5.073578595317725926e-01 2.792930264523394435e-01
5.170568561872909141e-01 2.725265430483102547e-01
5.267558528428093467e-01 2.651389526174006139e-01
5.364548494983277793e-01 2.574074582502868247e-01
5.461538461538461009e-01 2.489999204583398518e-01
5.558528428093645335e-01 2.400911984898197182e-01
5.655518394648829661e-01 2.309938423044597122e-01
5.752508361204012877e-01 2.211828294386553595e-01
5.849498327759197203e-01 2.112902871084811340e-01
5.946488294314381529e-01 2.009569425745545979e-01
6.043478260869564744e-01 1.905237972005061342e-01
6.140468227424749070e-01 1.797595723042950677e-01
6.237458193979932286e-01 1.688689225181536357e-01
6.334448160535116612e-01 1.579857893719009143e-01
6.431438127090300938e-01 1.469232527954719980e-01
6.528428093645484154e-01 1.360201342613999442e-01
6.625418060200668480e-01 1.251244914246568141e-01
6.722408026755852806e-01 1.144353347058107567e-01
6.819397993311036021e-01 1.039620802629982604e-01
6.916387959866220347e-01 9.381913301452905751e-02
7.013377926421404673e-01 8.400645059461449293e-02
7.110367892976587889e-01 7.468885011137059438e-02
7.207357859531772215e-01 6.593272589117621374e-02
7.304347826086956541e-01 5.779493662254003156e-02
7.401337792642139757e-01 5.038530027988074450e-02
7.498327759197324083e-01 4.375503347381654029e-02
7.595317725752508409e-01 3.808069096944079884e-02
7.692307692307691624e-01 3.339167420662001590e-02
7.789297658862875950e-01 2.988896527876372042e-02
7.886287625418060276e-01 2.757291347407336141e-02
7.983277591973243492e-01 2.665466500538559574e-02
8.080267558528427818e-01 2.725570655780573670e-02
8.177257525083612144e-01 2.951079710215874854e-02
8.274247491638795360e-01 3.359406069475205647e-02
8.371237458193979686e-01 3.963816089543844429e-02
8.468227424749164012e-01 4.786371874401048471e-02
8.565217391304347228e-01 5.848197536166122035e-02
8.662207357859531554e-01 7.166944739010655541e-02
8.759197324414714769e-01 8.780860169953469407e-02
8.856187290969899095e-01 1.071620368654944283e-01
8.953177257525083421e-01 1.300326623518733293e-01
9.050167224080266637e-01 1.568802779118358137e-01
9.147157190635450963e-01 1.880400483720200688e-01
9.244147157190635289e-01 2.241355435479800429e-01
9.341137123745818505e-01 2.656536565387246918e-01
9.438127090301002831e-01 3.129189248864575612e-01
9.535117056856187157e-01 3.668162545147372611e-01
9.632107023411370372e-01 4.278080120548927168e-01
9.729096989966554698e-01 4.961590333136509656e-01
9.826086956521739024e-01 5.724453034346961289e-01
9.923076923076922240e-01 6.555867184138374215e-01
1.002006688963210657e+00 7.472832760824503762e-01
1.011705685618729200e+00 8.449944895461279915e-01
1.021404682274247522e+00 9.492436179048996392e-01
1.031103678929765843e+00 1.057601815502317244e+00
1.040802675585284387e+00 1.168119173853089166e+00
1.050501672240802709e+00 1.279603443812767916e+00
1.060200668896321030e+00 1.388257699128136347e+00
1.069899665551839574e+00 1.492648692536424626e+00
1.079598662207357895e+00 1.588266255136093319e+00
1.089297658862876217e+00 1.673110772916769573e+00
1.098996655518394761e+00 1.744697835075684766e+00
1.108695652173913082e+00 1.800283621550259561e+00
1.118394648829431404e+00 1.838747673872522581e+00
1.128093645484949947e+00 1.858700459989751863e+00
1.137792642140468269e+00 1.859319323194075890e+00
1.147491638795986590e+00 1.840380131061827074e+00
1.157190635451505134e+00 1.803295167484314954e+00
1.166889632107023456e+00 1.749215043575684581e+00
1.176588628762541777e+00 1.679775843599977891e+00
1.186287625418060321e+00 1.598207762643615082e+00
1.195986622073578642e+00 1.505954539010050830e+00
1.205685618729096964e+00 1.406960814144864624e+00
1.215384615384615508e+00 1.302481325253673328e+00
1.225083612040133829e+00 1.195709538099044122e+00
1.234782608695652151e+00 1.089562903881167166e+00
1.244481605351170694e+00 9.852055511108225305e-01
1.254180602006689016e+00 8.848152047512632956e-01
1.263879598662207338e+00 7.893468099190221743e-01
1.273578595317725881e+00 6.999162474468630935e-01
1.283277591973244203e+00 6.176802850184553995e-01
1.292976588628762524e+00 5.424084283392892614e-01
1.302675585284281068e+00 4.748047491100282347e-01
1.312374581939799389e+00 4.145455530578808223e-01
1.322073578595317711e+00 3.607907008383879899e-01
1.331772575250836255e+00 3.138035245241153626e-01
1.341471571906354576e+00 2.731108577835910656e-01
1.351170568561872898e+00 2.376135150773341920e-01
1.360869565217391441e+00 2.069918214930797085e-01
1.370568561872909763e+00 1.808768774339299668e-01
1.380267558528428085e+00 1.583988214273400474e-01
1.389966555183946628e+00 1.393210811867399146e-01
1.399665551839464950e+00 1.230219043948635738e-01
1.409364548494983271e+00 1.091740406983521122e-01
1.419063545150501815e+00 9.735089137751579136e-02
1.428762541806020137e+00 8.719835322736141370e-02
1.438461538461538458e+00 7.855260956313997456e-02
1.448160535117057002e+00 7.103831116108721977e-02
1.457859531772575323e+00 6.454420962562602837e-02
1.467558528428093645e+00 5.891086321281917976e-02
1.477257525083612189e+00 5.394678345391588914e-02
1.486956521739130510e+00 4.958854405910077812e-02
1.496655518394648832e+00 4.572426434052213884e-02
1.506354515050167375e+00 4.225685377554114913e-02
1.516053511705685697e+00 3.914287160177996883e-02
1.525752508361204018e+00 3.632409523156553827e-02
1.535451505016722562e+00 3.377861093386387570e-02
1.545150501672240884e+00 3.142962117793293708e-02
1.554849498327759205e+00 2.928673348935654716e-02
1.564548494983277749e+00 2.732524419092983645e-02
1.574247491638796070e+00 2.549477354379833458e-02
1.583946488294314392e+00 2.380768024012767589e-02
1.593645484949832936e+00 2.224470864563527980e-02
1.603344481605351257e+00 2.078671883035469042e-02
1.613043478260869579e+00 1.942123887758420014e-02
1.622742474916388122e+00 1.815495336482449845e-02
1.632441471571906444e+00 1.696245061876550803e-02
1.642140468227424766e+00 1.585101466306509596e-02
1.651839464882943087e+00 1.480120193998707076e-02
1.661538461538461631e+00 1.382685109005724576e-02
1.671237458193979952e+00 1.290088088726015075e-02
1.680936454849498274e+00 1.204501343545287019e-02
1.690635451505016817e+00 1.122935067042424989e-02
1.700334448160535139e+00 1.046768532986977820e-02
1.710033444816053461e+00 9.750871934796935536e-03
1.719732441471572004e+00 9.074246417442718635e-03
1.729431438127090326e+00 8.442474343302863726e-03
1.739130434782608647e+00 7.846859220784090094e-03
1.748829431438127191e+00 7.289665450850439307e-03
1.758528428093645513e+00 6.760448577882190516e-03
1.768227424749163834e+00 6.268732464399060823e-03
1.777926421404682378e+00 5.805493485060081622e-03
1.787625418060200699e+00 5.370689476286637405e-03
1.797324414715719021e+00 4.962358049527992865e-03
1.807023411371237565e+00 4.580559902804847913e-03
1.816722408026755886e+00 4.224533096736730539e-03
1.826421404682274208e+00 3.888479314979393937e-03
1.836120401337792751e+00 3.576778617502915196e-03
1.845819397993311073e+00 3.285235469320269778e-03
1.855518394648829394e+00 3.012229890057730591e-03
1.865217391304347938e+00 2.760053200668232624e-03
1.874916387959866260e+00 2.522390864837543815e-03
1.884615384615384581e+00 2.304250669472525034e-03
1.894314381270903125e+00 2.101813820729826233e-03
1.904013377926421446e+00 1.911961239052690619e-03
1.913712374581939768e+00 1.739784033443523854e-03
1.923411371237458312e+00 1.576792205086123902e-03
1.933110367892976633e+00 1.430576325162026237e-03
1.942809364548494955e+00 1.292937299333559971e-03
1.952508361204013498e+00 1.168561096067496658e-03
1.962207357859531820e+00 1.052519672184387819e-03
1.971906354515050142e+00 9.476428908111303234e-04
1.981605351170568685e+00 8.517239026647326506e-04
1.991304347826087007e+00 7.626276748569959033e-04
2.001003344481605328e+00 6.824108169746970340e-04
2.010702341137123650e+00 6.097173960814886422e-04
2.020401337792641971e+00 5.436225685506208697e-04
2.030100334448160293e+00 4.832783885676166305e-04
2.039799331103679059e+00 4.293996474033921393e-04
2.049498327759197380e+00 3.799279496724100027e-04
2.059197324414715702e+00 3.369322355574614681e-04
2.068896321070234023e+00 2.972133784571811773e-04
2.078595317725752345e+00 2.617460888638712692e-04
2.088294314381270667e+00 2.303097691873198154e-04
2.097993311036789432e+00 2.020936892154169204e-04
2.107692307692307754e+00 1.768909345208334344e-04
2.117391304347826075e+00 1.547352263882703551e-04
2.127090301003344397e+00 1.347478618515970906e-04
2.136789297658862719e+00 1.174119009915114246e-04
2.146488294314381484e+00 1.019401583580001238e-04
2.156187290969899806e+00 8.849262609150662087e-05
2.165886287625418127e+00 7.654766062637894297e-05
2.175585284280936449e+00 6.609871540930567881e-05
2.185284280936454770e+00 5.693262982018356511e-05
2.194983277591973092e+00 4.897482808504674355e-05
2.204682274247491858e+00 4.202204134488478967e-05
2.214381270903010179e+00 3.598009591317893354e-05
2.224080267558528501e+00 3.073987702619692384e-05
2.233779264214046822e+00 2.618131870759122449e-05
2.243478260869565144e+00 2.230166219437302753e-05
2.253177257525083466e+00 1.894023063247357664e-05
2.262876254180602231e+00 1.604074624097372412e-05
2.272575250836120553e+00 1.357260420182058749e-05
2.282274247491638874e+00 1.145317934511452798e-05
2.291973244147157196e+00 9.671196706747202021e-06
2.301672240802675518e+00 8.129029494391888327e-06
2.311371237458193839e+00 6.809415292682523445e-06
2.321070234113712605e+00 5.719901726667638761e-06
2.330769230769230926e+00 4.778631619040931920e-06
2.340468227424749248e+00 3.988855214844475333e-06
2.350167224080267570e+00 3.321885451688772641e-06
2.359866220735785891e+00 2.761545555093322621e-06
2.369565217391304213e+00 2.287059245420168954e-06
2.379264214046822978e+00 1.897077281377535371e-06
2.388963210702341300e+00 1.565279991696636972e-06
2.398662207357859621e+00 1.293848431351021711e-06
2.408361204013377943e+00 1.064319166217409412e-06
2.418060200668896265e+00 8.757667114936993937e-07
2.427759197324414586e+00 7.166293904581174944e-07
2.437458193979933352e+00 5.885007618358335471e-07
2.447157190635451673e+00 4.800652707826206223e-07
2.456856187290969995e+00 3.922532008964682215e-07
2.466555183946488317e+00 3.191065830895437665e-07
2.476254180602006638e+00 2.594441034683167941e-07
2.485953177257524960e+00 2.109434300767260275e-07
2.495652173913043725e+00 1.710291351749410787e-07
2.505351170568562047e+00 1.384005975269775415e-07
2.515050167224080369e+00 1.117324616025542534e-07
2.524749163879598690e+00 9.009988211008095925e-08
2.534448160535117012e+00 7.249632886596302334e-08
2.544147157190635333e+00 5.825624144122790912e-08
2.553846153846154099e+00 4.674518500094712389e-08
2.563545150501672421e+00 3.742880407349155725e-08
2.573244147157190742e+00 2.992986788112538608e-08
2.582943143812709064e+00 2.389432769036215372e-08
2.592642140468227385e+00 1.904957085562737740e-08
2.602341137123745707e+00 1.515673581022045487e-08
2.612040133779264028e+00 1.204595618632643819e-08
2.621739130434782794e+00 9.554160425836394733e-09
2.631438127090301116e+00 7.567321035298677592e-09
2.641137123745819437e+00 5.985047729142667978e-09
2.650836120401337759e+00 4.727029837447435269e-09
2.660535117056856080e+00 3.727061968252975974e-09
2.670234113712374402e+00 2.934733071449342116e-09
2.679933110367893168e+00 2.307090308934235763e-09
2.689632107023411489e+00 1.811324081285235686e-09
2.699331103678929811e+00 1.419994082039004090e-09
2.709030100334448132e+00 1.111675440532452009e-09
2.718729096989966454e+00 8.690614864095467762e-10
2.728428093645484775e+00 6.785380780833902027e-10
2.738127090301003541e+00 5.289393521045876038e-10
2.747826086956521863e+00 4.117980963844694146e-10
2.757525083612040184e+00 3.202392416553810852e-10
2.767224080267558506e+00 2.486592917595207880e-10
2.776923076923076827e+00 1.927942889611500164e-10
2.786622073578595149e+00 1.493126124237511940e-10
2.796321070234113915e+00 1.154988565645453532e-10
2.806020066889632236e+00 8.918540083630296555e-11
2.815719063545150558e+00 6.883202544680602390e-11
2.825418060200668879e+00 5.302858460814623667e-11
2.835117056856187201e+00 4.081917465624942172e-11
2.844816053511705523e+00 3.137019253821531968e-11
2.854515050167224288e+00 2.407466722972186931e-11
2.864214046822742610e+00 1.846656660396848683e-11
2.873913043478260931e+00 1.414372289247156863e-11
2.883612040133779253e+00 1.081877251719884611e-11
2.893311036789297575e+00 8.268607241947281901e-12
2.903010033444815896e+00 6.308877900385106367e-12
2.912709030100334662e+00 4.810478741488920575e-12
2.922408026755852983e+00 3.662448947605595874e-12
2.932107023411371305e+00 2.786238957822313283e-12
2.941806020066889626e+00 2.117051088193168844e-12
2.951505016722407948e+00 1.606992631001347716e-12
2.961204013377926270e+00 1.218211269432279452e-12
2.970903010033445035e+00 9.227331875635170802e-13
2.980602006688963357e+00 6.981011355943603227e-13
2.990301003344481678e+00 5.276871466353076710e-13
3.000000000000000000e+00 3.983902406715774976e-13
3.053855508833415389e+00 8.244671333073571216e-14
3.199267137797383587e+00 1.007202665085643070e-15
3.351602650938842576e+00 8.211693592309392451e-18
3.511191734215131532e+00 4.455005711118361529e-20
3.678379771828633960e+00 1.602236589115083023e-22
3.853528593710529471e+00 3.821167982087184357e-25
4.037017258596554470e+00 6.041323483903813265e-28
4.229242874389498752e+00 6.323078574776268723e-31
4.430621457583881373e+00 4.395375475499881310e-34
4.641588833612779297e+00 2.033100166613817837e-37
4.862601580065354590e+00 6.286383113180910931e-41
5.094138014816380178e+00 1.310750585601666883e-44
5.336699231206309513e+00 1.862454736331796002e-48
5.590810182512223392e+00 1.845776159665549188e-52
5.857020818056667189e+00 1.313509147021102820e-56
6.135907273413174323e+00 7.039837434363196986e-61
6.428073117284322180e+00 2.983192467322202610e-65
6.734150657750822333e+00 1.052777086400437587e-69
7.054802310718643277e+00 3.174033579964425886e-74
7.390722033525778834e+00 8.192088920250085618e-79
7.742636826811271966e+00 1.801115151759818349e-83
8.111308307896871739e+00 3.347147542271232988e-88
8.497534359086444056e+00 5.229832413586641071e-93
8.902150854450388451e+00 6.847940663283715914e-98
9.326033468832198636e+00 7.498786239089921763e-103
9.770099572992252845e+00 6.874128199897771471e-108
