1.023531021899026262e-02 1.066128282352242149e-02
1.047615752789664637e-02 1.128704142774520150e-02
1.072267222010323158e-02 1.202881352276227722e-02
1.097498765493056146e-02 1.278804027319128261e-02
1.123324032978027798e-02 1.356513240491096645e-02
1.149756995397735806e-02 1.436051030859968915e-02
1.176811952434998580e-02 1.517460426715812501e-02
1.204503540258782326e-02 1.616173471948876422e-02
1.232846739442065853e-02 1.717719097712944176e-02
1.261856883066020396e-02 1.821654195820618730e-02
1.291549665014883955e-02 1.928034992997942204e-02
1.321941148466028622e-02 2.036919039043278562e-02
1.353047774579806822e-02 2.164467913826428891e-02
1.384886371393873050e-02 2.301637633784688400e-02
1.417474162926805545e-02 2.442035097427169149e-02
1.450828778495939428e-02 2.585736256861185037e-02
1.484968262254464898e-02 2.732818851424761303e-02
1.519911082952933937e-02 2.896983416163928862e-02
1.555676143930472335e-02 3.081593992940394322e-02
1.592282793341092198e-02 3.270548645241773411e-02
1.629750834620644420e-02 3.463949593604385285e-02
1.668100537200058880e-02 3.661901463918206673e-02
1.707352647470690432e-02 3.872085139846125068e-02
1.747528400007683849e-02 4.118522519645486518e-02
1.788649529057434809e-02 4.370758822825643319e-02
1.830738280295367629e-02 4.628930503979657857e-02
1.873817422860384052e-02 4.893177228616624186e-02
1.917910261672488639e-02 5.163641948717765523e-02
1.963040650040270493e-02 5.491972630643478237e-02
2.009233002565046639e-02 5.831390377170918293e-02
2.056512308348651397e-02 6.178794970124817931e-02
2.104904144512020903e-02 6.534374348163338175e-02
2.154434690031884272e-02 6.898320872333320308e-02
2.205130739903045367e-02 7.318524096914168220e-02
2.257019719633920549e-02 7.771094630342673115e-02
2.310129700083160542e-02 8.234314610904130971e-02
2.364489412645407254e-02 8.708434630972239354e-02
2.420128264794382117e-02 9.193711179615346452e-02
2.477076355991711387e-02 9.730642789465894504e-02
2.535364493970111363e-02 1.033529324358270218e-01
2.595024211399735853e-02 1.095417174077660261e-01
2.656087782946686682e-02 1.158761308144081181e-01
2.718588242732939905e-02 1.223595994416391969e-01
2.782559402207124277e-02 1.292029426876996345e-01
2.848035868435801893e-02 1.372480346911576776e-01
2.915053062825177094e-02 1.454824359307287651e-01
2.983647240283340135e-02 1.539106010461935570e-01
3.053855508833415791e-02 1.625370894995588622e-01
3.125715849688236875e-02 1.713665680416320836e-01
3.199267137797384697e-02 1.818569922070495948e-01
3.274549162877728181e-02 1.927387659800348096e-01
3.351602650938842465e-02 2.038765990099726810e-01
3.430469286314919569e-02 2.152765166328457214e-01
3.511191734215131366e-02 2.269446859669493888e-01
3.593813663804627107e-02 2.402711574910333381e-01
3.678379771828634015e-02 2.546541876351545164e-01
3.764935806792467365e-02 2.693756651765711330e-01
3.853528593710529165e-02 2.844435541284010549e-01
3.944206059437655593e-02 2.998660059051285742e-01
4.037017258596553582e-02 3.164137461274754703e-01
4.132012400115338269e-02 3.345270051726613736e-01
4.229242874389498724e-02 3.537240024975511488e-01
4.328761281083059326e-02 3.738183870476908255e-01
4.430621457583882455e-02 3.948735561379889125e-01
4.534878508128582786e-02 4.171761659938178490e-01
4.641588833612779463e-02 4.408505727905178695e-01
4.750810162102798301e-02 4.657401483102167061e-01
4.862601580065353118e-02 4.918852307073264263e-01
4.977023564332110767e-02 5.192831009992298075e-01
5.094138014816380206e-02 5.483786312527609841e-01
5.214008287999684355e-02 5.790229460164777464e-01
5.336699231206309263e-02 6.110796908259709115e-01
5.462277217684342184e-02 6.454445287338899107e-01
5.590810182512222226e-02 6.814128341906316999e-01
5.722367659350219987e-02 7.188749681081825216e-01
5.857020818056667133e-02 7.587241191924989359e-01
5.994842503189409116e-02 8.006988148657678828e-01
6.135907273413176294e-02 8.447270252025773640e-01
6.280291441834252864e-02 8.909615956079075527e-01
6.428073117284321958e-02 9.396328175600552335e-01
6.579332246575682330e-02 9.907885845620374443e-01
6.734150657750820335e-02 1.044623771697356762e+00
6.892612104349699065e-02 1.101433225062523613e+00
7.054802310718645553e-02 1.161363636997266635e+00
7.220809018385462852e-02 1.224114692938946813e+00
7.390722033525778945e-02 1.289524461984161485e+00
7.564633275546289726e-02 1.359163712681914937e+00
7.742636826811269413e-02 1.432042396312664501e+00
7.924828983539176919e-02 1.508109980630694791e+00
8.111308307896872294e-02 1.588168076678137419e+00
8.302175681319744205e-02 1.673087331655963572e+00
8.497534359086446332e-02 1.762032385598332862e+00
8.697490026177834288e-02 1.854150043922640378e+00
8.902150854450388562e-02 1.949559623221696736e+00
9.111627561154897470e-02 2.050496959922865514e+00
9.326033468832199691e-02 2.157859444642050484e+00
9.545484566618342437e-02 2.271821784516574017e+00
9.770099572992255177e-02 2.389445933058118587e+00
9.999999999999999167e-02 2.511638452476356420e+00
1.000000000000000056e-01 2.511638452476357308e+00
1.096989966555183965e-01 3.057365867970140982e+00
1.193979933110367875e-01 3.651739518544994123e+00
1.290969899665551923e-01 4.283362348461865032e+00
1.387959866220735972e-01 4.952092923329287188e+00
1.484949832775919742e-01 5.660506887551200350e+00
1.581939799331103791e-01 6.386623614552052075e+00
1.678929765886287839e-01 7.137869579080451388e+00
1.775919732441471610e-01 7.906123755259237385e+00
1.872909698996655381e-01 8.686536168373070410e+00
1.969899665551839429e-01 9.484138021410583264e+00
2.066889632107023478e-01 1.027610423066433043e+01
2.163879598662207249e-01 1.107303119467777819e+01
2.260869565217391297e-01 1.185933718946620807e+01
2.357859531772575346e-01 1.262947001772727518e+01
2.454849498327759116e-01 1.338552043758356902e+01
2.551839464882943442e-01 1.414108158185551467e+01
2.648829431438127213e-01 1.483008491022106057e+01
2.745819397993310984e-01 1.554509186768011375e+01
2.842809364548495310e-01 1.620920340715278840e+01
2.939799331103678526e-01 1.680867107029633090e+01
3.036789297658862852e-01 1.739976615435523399e+01
3.133779264214047178e-01 1.796985119938456421e+01
3.230769230769230393e-01 1.848859581296700938e+01
3.327759197324414719e-01 1.896874842963980967e+01
3.424749163879599045e-01 1.939771565527903618e+01
3.521739130434782261e-01 1.974120670926522081e+01
3.618729096989966587e-01 2.005045322840475208e+01
3.715719063545150913e-01 2.032988457115337866e+01
3.812709030100334129e-01 2.059233146538858250e+01
3.909698996655518455e-01 2.082410902602770619e+01
4.006688963210702781e-01 2.092138026692678565e+01
4.103678929765885997e-01 2.097281812856897432e+01
4.200668896321070322e-01 2.101036079243143817e+01
4.297658862876254648e-01 2.103834849182052125e+01
4.394648829431437864e-01 2.094968826785718718e+01
4.491638795986622190e-01 2.081545685924384514e+01
4.588628762541806516e-01 2.064423143324263776e+01
4.685618729096989732e-01 2.042496636475235405e+01
4.782608695652174058e-01 2.016209501482074984e+01
4.879598662207357274e-01 1.985586421019614178e+01
4.976588628762541600e-01 1.950829349713617233e+01
5.073578595317725926e-01 1.912496759005086133e+01
5.170568561872909141e-01 1.863454935883995489e+01
5.267558528428093467e-01 1.815776039516891416e+01
5.364548494983277793e-01 1.769456893698149713e+01
5.461538461538461009e-01 1.713144907162509867e+01
5.558528428093645335e-01 1.652990337150301769e+01
5.655518394648829661e-01 1.591121255746412722e+01
5.752508361204012877e-01 1.529029770187012360e+01
5.849498327759197203e-01 1.461465864325128727e+01
5.946488294314381529e-01 1.393789351270303811e+01
6.043478260869564744e-01 1.324567899779084712e+01
6.140468227424749070e-01 1.255338283435746050e+01
6.237458193979932286e-01 1.180823291626987981e+01
6.334448160535116612e-01 1.106308299818229202e+01
6.431438127090300938e-01 1.034018904085245794e+01
6.528428093645484154e-01 9.619515122335970503e+00
6.625418060200668480e-01 8.903924619133469776e+00
6.722408026755852806e-01 8.190047553830483551e+00
6.819397993311036021e-01 7.501774965980777310e+00
6.916387959866220347e-01 6.837606946763305160e+00
7.013377926421404673e-01 6.188590099680786771e+00
7.110367892976587889e-01 5.597098015566334794e+00
7.207357859531772215e-01 5.005605931451876600e+00
7.304347826086956541e-01 4.502297869085951199e+00
7.401337792642139757e-01 4.017613270761456690e+00
7.498327759197324083e-01 3.588298876982706886e+00
7.595317725752508409e-01 3.255711026349276338e+00
7.692307692307691624e-01 2.923123175715848898e+00
7.789297658862875950e-01 2.755086380262482315e+00
7.886287625418060276e-01 2.622900381982684159e+00
7.983277591973243492e-01 2.542110699641858762e+00
8.080267558528427818e-01 2.674683243649801589e+00
8.177257525083612144e-01 2.807255787657745305e+00
8.274247491638795360e-01 3.100610692123631829e+00
8.371237458193979686e-01 3.567917804148797334e+00
8.468227424749164012e-01 4.035224916173961951e+00
8.565217391304347228e-01 4.803931980008534275e+00
8.662207357859531554e-01 5.716540804994776792e+00
8.759197324414714769e-01 6.629149629981007763e+00
8.856187290969899095e-01 8.004255172800203155e+00
8.953177257525083421e-01 9.509268837977385758e+00
9.050167224080266637e-01 1.101428250315455237e+01
9.147157190635450963e-01 1.317012769175672027e+01
9.244147157190635289e-01 1.550016444176042008e+01
9.341137123745818505e-01 1.783020119176409324e+01
9.438127090301002831e-01 2.094865206393444268e+01
9.535117056856187157e-01 2.440798992260925715e+01
9.632107023411370372e-01 2.786732778128402899e+01
9.729096989966554698e-01 3.199420600005594650e+01
9.826086956521739024e-01 3.677467537426928601e+01
9.923076923076922240e-01 4.155514474848256157e+01
1.002006688963210657e+00 4.644732670091421056e+01
1.011705685618729200e+00 5.213977871960356936e+01
1.021404682274247522e+00 5.807322084624411929e+01
1.031103678929765843e+00 6.447876367954285115e+01
1.040802675585284387e+00 7.082719601850310198e+01
1.050501672240802709e+00 7.710630711775380064e+01
1.060200668896321030e+00 8.344956464873558843e+01
1.069899665551839574e+00 8.928574958724669841e+01
1.079598662207357895e+00 9.469688563018809191e+01
1.089297658862876217e+00 9.944437577537694040e+01
1.098996655518394761e+00 1.038078389959976704e+02
1.108695652173913082e+00 1.069142591632360961e+02
1.118394648829431404e+00 1.092880474158482116e+02
1.128093645484949947e+00 1.106805831292436864e+02
1.137792642140468269e+00 1.109989428228689263e+02
1.147491638795986590e+00 1.098266471384320084e+02
1.157190635451505134e+00 1.074242695624168675e+02
1.166889632107023456e+00 1.046678310554648874e+02
1.176588628762541777e+00 9.990124183418961934e+01
1.186287625418060321e+00 9.561609558409431031e+01
1.195986622073578642e+00 9.042444350328921132e+01
1.205685618729096964e+00 8.480236704164880734e+01
1.215384615384615508e+00 7.904400295521584496e+01
1.225083612040133829e+00 7.312525005378434173e+01
1.234782608695652151e+00 6.732307809320822400e+01
1.244481605351170694e+00 6.134318273790449894e+01
1.254180602006689016e+00 5.605225321446750542e+01
1.263879598662207338e+00 5.079590958371530718e+01
1.273578595317725881e+00 4.579211959730250214e+01
1.283277591973244203e+00 4.118143002210720738e+01
1.292976588628762524e+00 3.700778465566216369e+01
1.302675585284281068e+00 3.331490524888279481e+01
1.312374581939799389e+00 2.999052571541285417e+01
1.322073578595317711e+00 2.691492945665450165e+01
1.331772575250836255e+00 2.432242435175983530e+01
1.341471571906354576e+00 2.192837991993838642e+01
1.351170568561872898e+00 1.997603621787902739e+01
1.360869565217391441e+00 1.824134888779634167e+01
1.370568561872909763e+00 1.673995895407503198e+01
1.380267558528428085e+00 1.543589792599270716e+01
1.389966555183946628e+00 1.430849653141385325e+01
1.399665551839464950e+00 1.335371746065777643e+01
1.409364548494983271e+00 1.252908934072900138e+01
1.419063545150501815e+00 1.184332787175109658e+01
1.428762541806020137e+00 1.122818681678501918e+01
1.438461538461538458e+00 1.066594487699290639e+01
1.448160535117057002e+00 1.019336713244719839e+01
1.457859531772575323e+00 9.788803198322877819e+00
1.467558528428093645e+00 9.419699800244009325e+00
1.477257525083612189e+00 9.074032421905442902e+00
1.486956521739130510e+00 8.774777631510763953e+00
1.496655518394648832e+00 8.487306961000758321e+00
1.506354515050167375e+00 8.234092461551686171e+00
1.516053511705685697e+00 7.999232317538284676e+00
1.525752508361204018e+00 7.771907566559643321e+00
1.535451505016722562e+00 7.561017868499803285e+00
1.545150501672240884e+00 7.353392193545934319e+00
1.554849498327759205e+00 7.165947539663919841e+00
1.564548494983277749e+00 6.983613927753974160e+00
1.574247491638796070e+00 6.813985750148966680e+00
1.583946488294314392e+00 6.639035677823754256e+00
1.593645484949832936e+00 6.474947467733269235e+00
1.603344481605351257e+00 6.321266778558457311e+00
1.613043478260869579e+00 6.169774567614119576e+00
1.622742474916388122e+00 6.022519000136631107e+00
1.632441471571906444e+00 5.876669947339282274e+00
1.642140468227424766e+00 5.733738940712553855e+00
1.651839464882943087e+00 5.591452380892178553e+00
1.661538461538461631e+00 5.453695480015696262e+00
1.671237458193979952e+00 5.319269617483207035e+00
1.680936454849498274e+00 5.187891255232242926e+00
1.690635451505016817e+00 5.056270509495047527e+00
1.700334448160535139e+00 4.929481026711711955e+00
1.710033444816053461e+00 4.803882678649702420e+00
1.719732441471572004e+00 4.678765327014349218e+00
1.729431438127090326e+00 4.560704297682477204e+00
1.739130434782608647e+00 4.445767648246583548e+00
1.748829431438127191e+00 4.326112097965789438e+00
1.758528428093645513e+00 4.209946702372439731e+00
1.768227424749163834e+00 4.099936610548014393e+00
1.777926421404682378e+00 3.992266182951293096e+00
1.787625418060200699e+00 3.883983074478947195e+00
1.797324414715719021e+00 3.777266871403684778e+00
1.807023411371237565e+00 3.671698004574040830e+00
1.816722408026755886e+00 3.567155197609898298e+00
1.826421404682274208e+00 3.465519396183392331e+00
1.836120401337792751e+00 3.367887242767570566e+00
1.845819397993311073e+00 3.268878478451315850e+00
1.855518394648829394e+00 3.170273698707203103e+00
1.865217391304347938e+00 3.074172819196824946e+00
1.874916387959866260e+00 2.981326296382035501e+00
1.884615384615384581e+00 2.889194336759944637e+00
1.894314381270903125e+00 2.798561277029524508e+00
1.904013377926421446e+00 2.709794075684527126e+00
1.913712374581939768e+00 2.623735002633153623e+00
1.923411371237458312e+00 2.537936492124531540e+00
1.933110367892976633e+00 2.454072771716980572e+00
1.942809364548494955e+00 2.371066581307739174e+00
1.952508361204013498e+00 2.290441390300447910e+00
1.962207357859531820e+00 2.211636162024447572e+00
1.971906354515050142e+00 2.133351907332423636e+00
1.981605351170568685e+00 2.056660430009565221e+00
1.991304347826087007e+00 1.980677098417860327e+00
2.001003344481605328e+00 1.908429145694348961e+00
2.010702341137123650e+00 1.836587722030046388e+00
2.020401337792641971e+00 1.767090827632540551e+00
2.030100334448160293e+00 1.698223892622116926e+00
2.039799331103679059e+00 1.631337236737974816e+00
2.049498327759197380e+00 1.566070731211361977e+00
2.059197324414715702e+00 1.501613253817829063e+00
2.068896321070234023e+00 1.439307019087431527e+00
2.078595317725752345e+00 1.377212706111212270e+00
2.088294314381270667e+00 1.318214409737988868e+00
2.097993311036789432e+00 1.259920901233205770e+00
2.107692307692307754e+00 1.203497339379614006e+00
2.117391304347826075e+00 1.149304433164607619e+00
2.127090301003344397e+00 1.095317718205116808e+00
2.136789297658862719e+00 1.044600027955909338e+00
2.146488294314381484e+00 9.940003613329899679e-01
2.156187290969899806e+00 9.456711306340536138e-01
2.165886287625418127e+00 8.989599313974476757e-01
2.175585284280936449e+00 8.527723980370592871e-01
2.185284280936454770e+00 8.103007393542805969e-01
2.194983277591973092e+00 7.678922027250799642e-01
2.204682274247491858e+00 7.278201361769658373e-01
2.214381270903010179e+00 6.892454821158228162e-01
2.224080267558528501e+00 6.510885460975716077e-01
2.233779264214046822e+00 6.168534344079743548e-01
2.243478260869565144e+00 5.826453872758730057e-01
2.253177257525083466e+00 5.505718711248251962e-01
2.262876254180602231e+00 5.204520091607339749e-01
2.272575250836120553e+00 4.903530823285253137e-01
2.282274247491638874e+00 4.636826602398469999e-01
2.291973244147157196e+00 4.372600462268304011e-01
2.301672240802675518e+00 4.120536950005405652e-01
2.311371237458193839e+00 3.894065952916384576e-01
2.321070234113712605e+00 3.667688440791506133e-01
2.330769230769230926e+00 3.464620105788063786e-01
2.340468227424749248e+00 3.272728569817662803e-01
2.350167224080267570e+00 3.080994365861599582e-01
2.359866220735785891e+00 2.920099812411405815e-01
2.369565217391304213e+00 2.759248976831898403e-01
2.379264214046822978e+00 2.606506545898149563e-01
2.388963210702341300e+00 2.472764548801544837e-01
2.398662207357859621e+00 2.339046348169949163e-01
2.408361204013377943e+00 2.218427407195757983e-01
2.418060200668896265e+00 2.107917602436529259e-01
2.427759197324414586e+00 1.997431049098951639e-01
2.437458193979933352e+00 1.901931054192961268e-01
2.447157190635451673e+00 1.810185840047719985e-01
2.456856187290969995e+00 1.718529769358871084e-01
2.466555183946488317e+00 1.643527954052320383e-01
2.476254180602006638e+00 1.568531846413328545e-01
2.485953177257524960e+00 1.495654300628885269e-01
2.495652173913043725e+00 1.432546988521429532e-01
2.505351170568562047e+00 1.369442572597067143e-01
2.515050167224080369e+00 1.309756891587366412e-01
2.524749163879598690e+00 1.257341232440706003e-01
2.534448160535117012e+00 1.204927501891219221e-01
2.544147157190635333e+00 1.155739755103451505e-01
2.553846153846154099e+00 1.110832754471526573e-01
2.563545150501672421e+00 1.065926961201330153e-01
2.573244147157190742e+00 1.024436901680219891e-01
2.582943143812709064e+00 9.862626246530445395e-02
2.592642140468227385e+00 9.480890928977249443e-02
2.602341137123745707e+00 9.124487192928301682e-02
2.612040133779264028e+00 8.788599877308622688e-02
2.621739130434782794e+00 8.452716458462095073e-02
2.631438127090301116e+00 8.141242831721731688e-02
2.641137123745819437e+00 7.848590442873179529e-02
2.650836120401337759e+00 7.555940244639029746e-02
2.660535117056856080e+00 7.282586362252116419e-02
2.670234113712374402e+00 7.025445310177795555e-02
2.679933110367893168e+00 6.768305430767064534e-02
2.689632107023411489e+00 6.525263855548740777e-02
2.699331103678929811e+00 6.296985214525784025e-02
2.709030100334448132e+00 6.068707127879702928e-02
2.718729096989966454e+00 5.849081717382231815e-02
2.728428093645484775e+00 5.642464458329322918e-02
2.738127090301003541e+00 5.435847432871612761e-02
2.747826086956521863e+00 5.236046624585960485e-02
2.757525083612040184e+00 5.054129036817438941e-02
2.767224080267558506e+00 4.872211535565890844e-02
2.776923076923076827e+00 4.692443783684101949e-02
2.786622073578595149e+00 4.528803947153214882e-02
2.796321070234113915e+00 4.365164140783960728e-02
2.806020066889632236e+00 4.201524375910434955e-02
2.815719063545150558e+00 4.052801944940156997e-02
2.825418060200668879e+00 3.905306156879979895e-02
2.835117056856187201e+00 3.757810395069971499e-02
2.844816053511705523e+00 3.622195893781501169e-02
2.854515050167224288e+00 3.491800698420548243e-02
2.864214046822742610e+00 3.361405517148505911e-02
2.873913043478260931e+00 3.236730833513924710e-02
2.883612040133779253e+00 3.119653960763855288e-02
2.893311036789297575e+00 3.002577092598862629e-02
2.903010033444815896e+00 2.887009435979339539e-02
2.912709030100334662e+00 2.781740029399616329e-02
2.922408026755852983e+00 2.676470623989499198e-02
2.932107023411371305e+00 2.571201220186401792e-02
2.941806020066889626e+00 2.475479025357613799e-02
2.951505016722407948e+00 2.382305843879483492e-02
2.961204013377926270e+00 2.289132663443935872e-02
2.970903010033445035e+00 2.200173656134049582e-02
2.980602006688963357e+00 2.117192659151016093e-02
2.990301003344481678e+00 2.034211662497718495e-02
3.000000000000000000e+00 1.951230665983798296e-02
3.053855508833415389e+00 1.557744009140583398e-02
3.199267137797383587e+00 8.118120827291469208e-03
3.351602650938842576e+00 3.786278474323094383e-03
3.511191734215131532e+00 1.513826336470551958e-03
3.678379771828633960e+00 4.894305417718666350e-04
3.853528593710529471e+00 1.191889334830927428e-04
4.037017258596554470e+00 1.988007026294713906e-05
4.229242874389498752e+00 2.080457377294177610e-06
4.430621457583881373e+00 1.251289647699684968e-07
4.641588833612779297e+00 4.030123433683251131e-09
4.862601580065354590e+00 6.585056890625649644e-11
5.094138014816380178e+00 5.241809525820614852e-13
5.336699231206309513e+00 1.969914245707380765e-15
5.590810182512223392e+00 3.426408656582659509e-18
5.857020818056667189e+00 2.710238452750579722e-21
6.135907273413174323e+00 9.645012174632507427e-25
6.428073117284322180e+00 1.531081177491411374e-28
6.734150657750822333e+00 1.077567814231329572e-32
7.054802310718643277e+00 3.355603337521349248e-37
7.390722033525778834e+00 4.613937528956062254e-42
7.742636826811271966e+00 2.800263477889502831e-47
8.111308307896871739e+00 7.539140434658006567e-53
8.497534359086444056e+00 9.099745206951667396e-59
8.902150854450388451e+00 4.996822487331427991e-65
9.326033468832198636e+00 1.311644723872444627e-71
9.770099572992252845e+00 1.852001500420989225e-78
